(kicad_pcb (version 20171130) (host pcbnew "(5.1.5)-3")

  (general
    (thickness 1.6)
    (drawings 17)
    (tracks 947)
    (zones 0)
    (modules 121)
    (nets 104)
  )

  (page A4)
  (layers
    (0 F.Cu signal)
    (31 B.Cu signal)
    (32 B.Adhes user)
    (33 F.Adhes user)
    (34 B.Paste user)
    (35 F.Paste user)
    (36 B.SilkS user)
    (37 F.SilkS user)
    (38 B.Mask user)
    (39 F.Mask user)
    (40 Dwgs.User user)
    (41 Cmts.User user)
    (42 Eco1.User user)
    (43 Eco2.User user)
    (44 Edge.Cuts user)
    (45 Margin user)
    (46 B.CrtYd user)
    (47 F.CrtYd user)
    (48 B.Fab user)
    (49 F.Fab user hide)
  )

  (setup
    (last_trace_width 0.25)
    (trace_clearance 0.2)
    (zone_clearance 0.508)
    (zone_45_only no)
    (trace_min 0.2)
    (via_size 0.8)
    (via_drill 0.4)
    (via_min_size 0.4)
    (via_min_drill 0.3)
    (uvia_size 0.3)
    (uvia_drill 0.1)
    (uvias_allowed no)
    (uvia_min_size 0.2)
    (uvia_min_drill 0.1)
    (edge_width 0.1)
    (segment_width 0.2)
    (pcb_text_width 0.3)
    (pcb_text_size 1.5 1.5)
    (mod_edge_width 0.15)
    (mod_text_size 1 1)
    (mod_text_width 0.15)
    (pad_size 1.4 1.2)
    (pad_drill 0)
    (pad_to_mask_clearance 0)
    (aux_axis_origin 0 0)
    (grid_origin 50.5 177.5)
    (visible_elements 7FFFF77F)
    (pcbplotparams
      (layerselection 0x010fc_ffffffff)
      (usegerberextensions false)
      (usegerberattributes false)
      (usegerberadvancedattributes false)
      (creategerberjobfile false)
      (excludeedgelayer true)
      (linewidth 0.100000)
      (plotframeref false)
      (viasonmask false)
      (mode 1)
      (useauxorigin false)
      (hpglpennumber 1)
      (hpglpenspeed 20)
      (hpglpendiameter 15.000000)
      (psnegative false)
      (psa4output false)
      (plotreference true)
      (plotvalue true)
      (plotinvisibletext false)
      (padsonsilk false)
      (subtractmaskfromsilk false)
      (outputformat 1)
      (mirror false)
      (drillshape 1)
      (scaleselection 1)
      (outputdirectory ""))
  )

  (net 0 "")
  (net 1 GND)
  (net 2 "Net-(C1-Pad1)")
  (net 3 "Net-(C2-Pad1)")
  (net 4 VCC)
  (net 5 "Net-(C9-Pad1)")
  (net 6 "Net-(D1-Pad2)")
  (net 7 row0)
  (net 8 "Net-(D2-Pad2)")
  (net 9 "Net-(D3-Pad2)")
  (net 10 "Net-(D4-Pad2)")
  (net 11 "Net-(D5-Pad2)")
  (net 12 row1)
  (net 13 "Net-(D6-Pad2)")
  (net 14 "Net-(D7-Pad2)")
  (net 15 "Net-(D8-Pad2)")
  (net 16 "Net-(D9-Pad2)")
  (net 17 row2)
  (net 18 "Net-(D10-Pad2)")
  (net 19 "Net-(D11-Pad2)")
  (net 20 "Net-(D12-Pad2)")
  (net 21 "Net-(D13-Pad2)")
  (net 22 row3)
  (net 23 "Net-(D14-Pad2)")
  (net 24 "Net-(D15-Pad2)")
  (net 25 "Net-(D16-Pad2)")
  (net 26 "Net-(D17-Pad2)")
  (net 27 row4)
  (net 28 "Net-(D18-Pad2)")
  (net 29 "Net-(D19-Pad2)")
  (net 30 "Net-(D20-Pad2)")
  (net 31 "Net-(J1-PadA2)")
  (net 32 "Net-(J1-PadA3)")
  (net 33 "Net-(J1-PadA5)")
  (net 34 "Net-(J1-PadA6)")
  (net 35 "Net-(J1-PadA7)")
  (net 36 "Net-(J1-PadA10)")
  (net 37 "Net-(J1-PadA8)")
  (net 38 "Net-(J1-PadA11)")
  (net 39 "Net-(J1-PadB2)")
  (net 40 "Net-(J1-PadB3)")
  (net 41 "Net-(J1-PadB5)")
  (net 42 "Net-(J1-PadB8)")
  (net 43 "Net-(J1-PadB10)")
  (net 44 "Net-(J1-PadB11)")
  (net 45 col0)
  (net 46 col1)
  (net 47 col2)
  (net 48 col3)
  (net 49 "Net-(L1-Pad1)")
  (net 50 "Net-(L2-Pad1)")
  (net 51 "Net-(L3-Pad1)")
  (net 52 "Net-(L4-Pad1)")
  (net 53 "Net-(L5-Pad1)")
  (net 54 "Net-(L6-Pad1)")
  (net 55 "Net-(L7-Pad1)")
  (net 56 "Net-(L8-Pad1)")
  (net 57 "Net-(L9-Pad1)")
  (net 58 "Net-(L10-Pad1)")
  (net 59 "Net-(L11-Pad1)")
  (net 60 "Net-(L12-Pad1)")
  (net 61 "Net-(L13-Pad1)")
  (net 62 "Net-(L14-Pad1)")
  (net 63 "Net-(L15-Pad1)")
  (net 64 "Net-(L16-Pad1)")
  (net 65 "Net-(L17-Pad1)")
  (net 66 "Net-(L18-Pad1)")
  (net 67 "Net-(L19-Pad1)")
  (net 68 "Net-(L20-Pad1)")
  (net 69 "Net-(L21-Pad2)")
  (net 70 "Net-(L21-Pad4)")
  (net 71 "Net-(L22-Pad2)")
  (net 72 "Net-(L23-Pad2)")
  (net 73 "Net-(L24-Pad2)")
  (net 74 "Net-(L25-Pad2)")
  (net 75 "Net-(L25-Pad3)")
  (net 76 "Net-(L26-Pad2)")
  (net 77 "Net-(L27-Pad2)")
  (net 78 "Net-(L28-Pad2)")
  (net 79 "Net-(L29-Pad2)")
  (net 80 "Net-(L30-Pad2)")
  (net 81 SCL)
  (net 82 SDA)
  (net 83 "Net-(R2-Pad2)")
  (net 84 "Net-(R5-Pad1)")
  (net 85 "Net-(R6-Pad1)")
  (net 86 RGB)
  (net 87 "Net-(R8-Pad1)")
  (net 88 BKL)
  (net 89 "Net-(R10-Pad1)")
  (net 90 enSw)
  (net 91 enB)
  (net 92 enA)
  (net 93 "Net-(U1-Pad1)")
  (net 94 "Net-(U1-Pad8)")
  (net 95 "Net-(U1-Pad9)")
  (net 96 "Net-(U1-Pad10)")
  (net 97 "Net-(U1-Pad11)")
  (net 98 "Net-(U1-Pad20)")
  (net 99 "Net-(U1-Pad21)")
  (net 100 "Net-(U1-Pad22)")
  (net 101 "Net-(U1-Pad42)")
  (net 102 "Net-(C7-Pad1)")
  (net 103 "Net-(U1-Pad41)")

  (net_class Default "This is the default net class."
    (clearance 0.2)
    (trace_width 0.25)
    (via_dia 0.8)
    (via_drill 0.4)
    (uvia_dia 0.3)
    (uvia_drill 0.1)
    (add_net BKL)
    (add_net GND)
    (add_net "Net-(C1-Pad1)")
    (add_net "Net-(C2-Pad1)")
    (add_net "Net-(C7-Pad1)")
    (add_net "Net-(C9-Pad1)")
    (add_net "Net-(D1-Pad2)")
    (add_net "Net-(D10-Pad2)")
    (add_net "Net-(D11-Pad2)")
    (add_net "Net-(D12-Pad2)")
    (add_net "Net-(D13-Pad2)")
    (add_net "Net-(D14-Pad2)")
    (add_net "Net-(D15-Pad2)")
    (add_net "Net-(D16-Pad2)")
    (add_net "Net-(D17-Pad2)")
    (add_net "Net-(D18-Pad2)")
    (add_net "Net-(D19-Pad2)")
    (add_net "Net-(D2-Pad2)")
    (add_net "Net-(D20-Pad2)")
    (add_net "Net-(D3-Pad2)")
    (add_net "Net-(D4-Pad2)")
    (add_net "Net-(D5-Pad2)")
    (add_net "Net-(D6-Pad2)")
    (add_net "Net-(D7-Pad2)")
    (add_net "Net-(D8-Pad2)")
    (add_net "Net-(D9-Pad2)")
    (add_net "Net-(J1-PadA10)")
    (add_net "Net-(J1-PadA11)")
    (add_net "Net-(J1-PadA2)")
    (add_net "Net-(J1-PadA3)")
    (add_net "Net-(J1-PadA5)")
    (add_net "Net-(J1-PadA6)")
    (add_net "Net-(J1-PadA7)")
    (add_net "Net-(J1-PadA8)")
    (add_net "Net-(J1-PadB10)")
    (add_net "Net-(J1-PadB11)")
    (add_net "Net-(J1-PadB2)")
    (add_net "Net-(J1-PadB3)")
    (add_net "Net-(J1-PadB5)")
    (add_net "Net-(J1-PadB8)")
    (add_net "Net-(L1-Pad1)")
    (add_net "Net-(L10-Pad1)")
    (add_net "Net-(L11-Pad1)")
    (add_net "Net-(L12-Pad1)")
    (add_net "Net-(L13-Pad1)")
    (add_net "Net-(L14-Pad1)")
    (add_net "Net-(L15-Pad1)")
    (add_net "Net-(L16-Pad1)")
    (add_net "Net-(L17-Pad1)")
    (add_net "Net-(L18-Pad1)")
    (add_net "Net-(L19-Pad1)")
    (add_net "Net-(L2-Pad1)")
    (add_net "Net-(L20-Pad1)")
    (add_net "Net-(L21-Pad2)")
    (add_net "Net-(L21-Pad4)")
    (add_net "Net-(L22-Pad2)")
    (add_net "Net-(L23-Pad2)")
    (add_net "Net-(L24-Pad2)")
    (add_net "Net-(L25-Pad2)")
    (add_net "Net-(L25-Pad3)")
    (add_net "Net-(L26-Pad2)")
    (add_net "Net-(L27-Pad2)")
    (add_net "Net-(L28-Pad2)")
    (add_net "Net-(L29-Pad2)")
    (add_net "Net-(L3-Pad1)")
    (add_net "Net-(L30-Pad2)")
    (add_net "Net-(L4-Pad1)")
    (add_net "Net-(L5-Pad1)")
    (add_net "Net-(L6-Pad1)")
    (add_net "Net-(L7-Pad1)")
    (add_net "Net-(L8-Pad1)")
    (add_net "Net-(L9-Pad1)")
    (add_net "Net-(R10-Pad1)")
    (add_net "Net-(R2-Pad2)")
    (add_net "Net-(R5-Pad1)")
    (add_net "Net-(R6-Pad1)")
    (add_net "Net-(R8-Pad1)")
    (add_net "Net-(U1-Pad1)")
    (add_net "Net-(U1-Pad10)")
    (add_net "Net-(U1-Pad11)")
    (add_net "Net-(U1-Pad20)")
    (add_net "Net-(U1-Pad21)")
    (add_net "Net-(U1-Pad22)")
    (add_net "Net-(U1-Pad41)")
    (add_net "Net-(U1-Pad42)")
    (add_net "Net-(U1-Pad8)")
    (add_net "Net-(U1-Pad9)")
    (add_net RGB)
    (add_net SCL)
    (add_net SDA)
    (add_net VCC)
    (add_net col0)
    (add_net col1)
    (add_net col2)
    (add_net col3)
    (add_net enA)
    (add_net enB)
    (add_net enSw)
    (add_net row0)
    (add_net row1)
    (add_net row2)
    (add_net row3)
    (add_net row4)
  )

  (module KeyboardPartsPretty:FA-238 (layer B.Cu) (tedit 5711E409) (tstamp 5EB82C6E)
    (at 78.6042 72.1784 45)
    (path /5EAB86CB)
    (fp_text reference X1 (at 0 -2.55 45) (layer B.SilkS) hide
      (effects (font (size 0.8 0.8) (thickness 0.15)) (justify mirror))
    )
    (fp_text value XTAL_GND (at 0 2.625 45) (layer B.SilkS) hide
      (effects (font (size 0.8 0.8) (thickness 0.15)) (justify mirror))
    )
    (fp_line (start -2.375 -1.875) (end -2.375 1.875) (layer B.SilkS) (width 0.2))
    (fp_line (start -2.375 1.875) (end 2.375 1.875) (layer B.SilkS) (width 0.2))
    (fp_line (start 2.375 1.875) (end 2.375 -1.875) (layer B.SilkS) (width 0.2))
    (fp_line (start 2.375 -1.875) (end -2.375 -1.875) (layer B.SilkS) (width 0.2))
    (pad 3 smd rect (at -1.1 0.8 45) (size 1.4 1.2) (drill (offset -0.1 0.05)) (layers B.Cu B.Paste B.Mask)
      (net 1 GND) (clearance 0.2))
    (pad 2 smd rect (at 1.1 0.8 45) (size 1.4 1.2) (drill (offset 0.1 0.05)) (layers B.Cu B.Paste B.Mask)
      (net 3 "Net-(C2-Pad1)") (clearance 0.2))
    (pad 1 smd rect (at -1.1 -0.8 45) (size 1.4 1.2) (drill (offset -0.1 -0.05)) (layers B.Cu B.Paste B.Mask)
      (net 2 "Net-(C1-Pad1)") (clearance 0.2))
    (pad 3 smd rect (at 1.1 -0.8 45) (size 1.4 1.2) (drill (offset 0.1 -0.05)) (layers B.Cu B.Paste B.Mask)
      (net 1 GND) (clearance 0.2))
  )

  (module KeyboardPartsPretty:LED_TH (layer F.Cu) (tedit 561B687B) (tstamp 5EB77A2C)
    (at 107.65 124.795)
    (descr "LED 3mm - Lead pitch 100mil (2,54mm)")
    (tags "LED led 3mm 3MM 100mil 2,54mm")
    (path /5EF592F8)
    (fp_text reference L8B1 (at 0 -1.9) (layer F.SilkS) hide
      (effects (font (size 0.8 0.8) (thickness 0.15)))
    )
    (fp_text value 1.8mm (at 0 2) (layer F.SilkS) hide
      (effects (font (size 0.8 0.8) (thickness 0.15)))
    )
    (fp_circle (center -1.27 0) (end -1.27 -1.27) (layer F.SilkS) (width 0.3))
    (pad 1 thru_hole circle (at -1.27 0) (size 1.7 1.7) (drill 1) (layers *.Cu *.Mask F.SilkS)
      (net 56 "Net-(L8-Pad1)"))
    (pad 2 thru_hole circle (at 1.27 0) (size 1.7 1.7) (drill 1) (layers *.Cu *.Mask F.SilkS)
      (net 4 VCC))
    (model discret/leds/led3_vertical_verde.wrl
      (at (xyz 0 0 0))
      (scale (xyz 1 1 1))
      (rotate (xyz 0 0 0))
    )
  )

  (module Button_Switch_Keyboard:SW_Cherry_MX_2.00u_Plate locked (layer F.Cu) (tedit 5A02FE24) (tstamp 5EB78C91)
    (at 62.565 172.42)
    (descr "Cherry MX keyswitch, 2.00u, plate mount, http://cherryamericas.com/wp-content/uploads/2014/12/mx_cat.pdf")
    (tags "Cherry MX keyswitch 2.00u plate")
    (path /5EBBDDB6)
    (fp_text reference K17B1 (at -2.54 -2.794) (layer F.SilkS)
      (effects (font (size 1 1) (thickness 0.15)))
    )
    (fp_text value KEYSW (at -2.54 12.954) (layer F.Fab)
      (effects (font (size 1 1) (thickness 0.15)))
    )
    (fp_text user %R (at -2.54 -2.794) (layer F.Fab)
      (effects (font (size 1 1) (thickness 0.15)))
    )
    (fp_line (start -8.89 -1.27) (end 3.81 -1.27) (layer F.Fab) (width 0.1))
    (fp_line (start 3.81 -1.27) (end 3.81 11.43) (layer F.Fab) (width 0.1))
    (fp_line (start 3.81 11.43) (end -8.89 11.43) (layer F.Fab) (width 0.1))
    (fp_line (start -8.89 11.43) (end -8.89 -1.27) (layer F.Fab) (width 0.1))
    (fp_line (start -9.14 11.68) (end -9.14 -1.52) (layer F.CrtYd) (width 0.05))
    (fp_line (start 4.06 11.68) (end -9.14 11.68) (layer F.CrtYd) (width 0.05))
    (fp_line (start 4.06 -1.52) (end 4.06 11.68) (layer F.CrtYd) (width 0.05))
    (fp_line (start -9.14 -1.52) (end 4.06 -1.52) (layer F.CrtYd) (width 0.05))
    (fp_line (start -21.59 -4.445) (end 16.51 -4.445) (layer Dwgs.User) (width 0.15))
    (fp_line (start 16.51 -4.445) (end 16.51 14.605) (layer Dwgs.User) (width 0.15))
    (fp_line (start 16.51 14.605) (end -21.59 14.605) (layer Dwgs.User) (width 0.15))
    (fp_line (start -21.59 14.605) (end -21.59 -4.445) (layer Dwgs.User) (width 0.15))
    (fp_line (start -9.525 -1.905) (end 4.445 -1.905) (layer F.SilkS) (width 0.12))
    (fp_line (start 4.445 -1.905) (end 4.445 12.065) (layer F.SilkS) (width 0.12))
    (fp_line (start 4.445 12.065) (end -9.525 12.065) (layer F.SilkS) (width 0.12))
    (fp_line (start -9.525 12.065) (end -9.525 -1.905) (layer F.SilkS) (width 0.12))
    (pad 1 thru_hole circle (at 0 0) (size 2.2 2.2) (drill 1.5) (layers *.Cu *.Mask)
      (net 45 col0))
    (pad 2 thru_hole circle (at -6.35 2.54) (size 2.2 2.2) (drill 1.5) (layers *.Cu *.Mask)
      (net 26 "Net-(D17-Pad2)"))
    (pad "" np_thru_hole circle (at -2.54 5.08) (size 4 4) (drill 4) (layers *.Cu *.Mask))
    (model ${KISYS3DMOD}/Button_Switch_Keyboard.3dshapes/SW_Cherry_MX_2.00u_Plate.wrl
      (at (xyz 0 0 0))
      (scale (xyz 1 1 1))
      (rotate (xyz 0 0 0))
    )
  )

  (module Button_Switch_Keyboard:SW_Cherry_MX_1.00u_Plate locked (layer F.Cu) (tedit 5A02FE24) (tstamp 5EB7932A)
    (at 53.04 96.22)
    (descr "Cherry MX keyswitch, 1.00u, plate mount, http://cherryamericas.com/wp-content/uploads/2014/12/mx_cat.pdf")
    (tags "Cherry MX keyswitch 1.00u plate")
    (path /5EB8CDB1)
    (fp_text reference K1 (at -2.54 -2.794) (layer F.SilkS)
      (effects (font (size 1 1) (thickness 0.15)))
    )
    (fp_text value KEYSW (at -2.54 12.954) (layer F.Fab)
      (effects (font (size 1 1) (thickness 0.15)))
    )
    (fp_text user %R (at -2.54 -2.794) (layer F.Fab)
      (effects (font (size 1 1) (thickness 0.15)))
    )
    (fp_line (start -8.89 -1.27) (end 3.81 -1.27) (layer F.Fab) (width 0.1))
    (fp_line (start 3.81 -1.27) (end 3.81 11.43) (layer F.Fab) (width 0.1))
    (fp_line (start 3.81 11.43) (end -8.89 11.43) (layer F.Fab) (width 0.1))
    (fp_line (start -8.89 11.43) (end -8.89 -1.27) (layer F.Fab) (width 0.1))
    (fp_line (start -9.14 11.68) (end -9.14 -1.52) (layer F.CrtYd) (width 0.05))
    (fp_line (start 4.06 11.68) (end -9.14 11.68) (layer F.CrtYd) (width 0.05))
    (fp_line (start 4.06 -1.52) (end 4.06 11.68) (layer F.CrtYd) (width 0.05))
    (fp_line (start -9.14 -1.52) (end 4.06 -1.52) (layer F.CrtYd) (width 0.05))
    (fp_line (start -12.065 -4.445) (end 6.985 -4.445) (layer Dwgs.User) (width 0.15))
    (fp_line (start 6.985 -4.445) (end 6.985 14.605) (layer Dwgs.User) (width 0.15))
    (fp_line (start 6.985 14.605) (end -12.065 14.605) (layer Dwgs.User) (width 0.15))
    (fp_line (start -12.065 14.605) (end -12.065 -4.445) (layer Dwgs.User) (width 0.15))
    (fp_line (start -9.525 -1.905) (end 4.445 -1.905) (layer F.SilkS) (width 0.12))
    (fp_line (start 4.445 -1.905) (end 4.445 12.065) (layer F.SilkS) (width 0.12))
    (fp_line (start 4.445 12.065) (end -9.525 12.065) (layer F.SilkS) (width 0.12))
    (fp_line (start -9.525 12.065) (end -9.525 -1.905) (layer F.SilkS) (width 0.12))
    (pad 1 thru_hole circle (at 0 0) (size 2.2 2.2) (drill 1.5) (layers *.Cu *.Mask)
      (net 45 col0))
    (pad 2 thru_hole circle (at -6.35 2.54) (size 2.2 2.2) (drill 1.5) (layers *.Cu *.Mask)
      (net 6 "Net-(D1-Pad2)"))
    (pad "" np_thru_hole circle (at -2.54 5.08) (size 4 4) (drill 4) (layers *.Cu *.Mask))
    (model ${KISYS3DMOD}/Button_Switch_Keyboard.3dshapes/SW_Cherry_MX_1.00u_Plate.wrl
      (at (xyz 0 0 0))
      (scale (xyz 1 1 1))
      (rotate (xyz 0 0 0))
    )
  )

  (module Capacitor_SMD:C_0805_2012Metric_Pad1.15x1.40mm_HandSolder (layer B.Cu) (tedit 5B36C52B) (tstamp 5EB82C43)
    (at 73.8036 72.167 90)
    (descr "Capacitor SMD 0805 (2012 Metric), square (rectangular) end terminal, IPC_7351 nominal with elongated pad for handsoldering. (Body size source: https://docs.google.com/spreadsheets/d/1BsfQQcO9C6DZCsRaXUlFlo91Tg2WpOkGARC1WS5S8t0/edit?usp=sharing), generated with kicad-footprint-generator")
    (tags "capacitor handsolder")
    (path /5EB46793)
    (attr smd)
    (fp_text reference C1 (at 0 1.65 90) (layer B.SilkS)
      (effects (font (size 1 1) (thickness 0.15)) (justify mirror))
    )
    (fp_text value 22p (at 0 -1.65 90) (layer B.Fab)
      (effects (font (size 1 1) (thickness 0.15)) (justify mirror))
    )
    (fp_text user %R (at 0 0 90) (layer B.Fab)
      (effects (font (size 0.5 0.5) (thickness 0.08)) (justify mirror))
    )
    (fp_line (start 1.85 -0.95) (end -1.85 -0.95) (layer B.CrtYd) (width 0.05))
    (fp_line (start 1.85 0.95) (end 1.85 -0.95) (layer B.CrtYd) (width 0.05))
    (fp_line (start -1.85 0.95) (end 1.85 0.95) (layer B.CrtYd) (width 0.05))
    (fp_line (start -1.85 -0.95) (end -1.85 0.95) (layer B.CrtYd) (width 0.05))
    (fp_line (start -0.261252 -0.71) (end 0.261252 -0.71) (layer B.SilkS) (width 0.12))
    (fp_line (start -0.261252 0.71) (end 0.261252 0.71) (layer B.SilkS) (width 0.12))
    (fp_line (start 1 -0.6) (end -1 -0.6) (layer B.Fab) (width 0.1))
    (fp_line (start 1 0.6) (end 1 -0.6) (layer B.Fab) (width 0.1))
    (fp_line (start -1 0.6) (end 1 0.6) (layer B.Fab) (width 0.1))
    (fp_line (start -1 -0.6) (end -1 0.6) (layer B.Fab) (width 0.1))
    (pad 2 smd roundrect (at 1.025 0 90) (size 1.15 1.4) (layers B.Cu B.Paste B.Mask) (roundrect_rratio 0.217391)
      (net 1 GND))
    (pad 1 smd roundrect (at -1.025 0 90) (size 1.15 1.4) (layers B.Cu B.Paste B.Mask) (roundrect_rratio 0.217391)
      (net 2 "Net-(C1-Pad1)"))
    (model ${KISYS3DMOD}/Capacitor_SMD.3dshapes/C_0805_2012Metric.wrl
      (at (xyz 0 0 0))
      (scale (xyz 1 1 1))
      (rotate (xyz 0 0 0))
    )
  )

  (module Capacitor_SMD:C_0805_2012Metric_Pad1.15x1.40mm_HandSolder (layer B.Cu) (tedit 5B36C52B) (tstamp 5EB82C13)
    (at 83.2016 72.1784 90)
    (descr "Capacitor SMD 0805 (2012 Metric), square (rectangular) end terminal, IPC_7351 nominal with elongated pad for handsoldering. (Body size source: https://docs.google.com/spreadsheets/d/1BsfQQcO9C6DZCsRaXUlFlo91Tg2WpOkGARC1WS5S8t0/edit?usp=sharing), generated with kicad-footprint-generator")
    (tags "capacitor handsolder")
    (path /5EB4731A)
    (attr smd)
    (fp_text reference C2 (at 0 1.65 90) (layer B.SilkS)
      (effects (font (size 1 1) (thickness 0.15)) (justify mirror))
    )
    (fp_text value 22p (at 0 -1.65 90) (layer B.Fab)
      (effects (font (size 1 1) (thickness 0.15)) (justify mirror))
    )
    (fp_line (start -1 -0.6) (end -1 0.6) (layer B.Fab) (width 0.1))
    (fp_line (start -1 0.6) (end 1 0.6) (layer B.Fab) (width 0.1))
    (fp_line (start 1 0.6) (end 1 -0.6) (layer B.Fab) (width 0.1))
    (fp_line (start 1 -0.6) (end -1 -0.6) (layer B.Fab) (width 0.1))
    (fp_line (start -0.261252 0.71) (end 0.261252 0.71) (layer B.SilkS) (width 0.12))
    (fp_line (start -0.261252 -0.71) (end 0.261252 -0.71) (layer B.SilkS) (width 0.12))
    (fp_line (start -1.85 -0.95) (end -1.85 0.95) (layer B.CrtYd) (width 0.05))
    (fp_line (start -1.85 0.95) (end 1.85 0.95) (layer B.CrtYd) (width 0.05))
    (fp_line (start 1.85 0.95) (end 1.85 -0.95) (layer B.CrtYd) (width 0.05))
    (fp_line (start 1.85 -0.95) (end -1.85 -0.95) (layer B.CrtYd) (width 0.05))
    (fp_text user %R (at 0 0 90) (layer B.Fab)
      (effects (font (size 0.5 0.5) (thickness 0.08)) (justify mirror))
    )
    (pad 1 smd roundrect (at -1.025 0 90) (size 1.15 1.4) (layers B.Cu B.Paste B.Mask) (roundrect_rratio 0.217391)
      (net 3 "Net-(C2-Pad1)"))
    (pad 2 smd roundrect (at 1.025 0 90) (size 1.15 1.4) (layers B.Cu B.Paste B.Mask) (roundrect_rratio 0.217391)
      (net 1 GND))
    (model ${KISYS3DMOD}/Capacitor_SMD.3dshapes/C_0805_2012Metric.wrl
      (at (xyz 0 0 0))
      (scale (xyz 1 1 1))
      (rotate (xyz 0 0 0))
    )
  )

  (module Capacitor_SMD:C_0805_2012Metric_Pad1.15x1.40mm_HandSolder (layer B.Cu) (tedit 5B36C52B) (tstamp 5EB81C7B)
    (at 70.226 72.167 90)
    (descr "Capacitor SMD 0805 (2012 Metric), square (rectangular) end terminal, IPC_7351 nominal with elongated pad for handsoldering. (Body size source: https://docs.google.com/spreadsheets/d/1BsfQQcO9C6DZCsRaXUlFlo91Tg2WpOkGARC1WS5S8t0/edit?usp=sharing), generated with kicad-footprint-generator")
    (tags "capacitor handsolder")
    (path /5EB377BC)
    (attr smd)
    (fp_text reference C8 (at 0 1.65 90) (layer B.SilkS)
      (effects (font (size 1 1) (thickness 0.15)) (justify mirror))
    )
    (fp_text value 0.1u (at 0 -1.65 90) (layer B.Fab)
      (effects (font (size 1 1) (thickness 0.15)) (justify mirror))
    )
    (fp_line (start -1 -0.6) (end -1 0.6) (layer B.Fab) (width 0.1))
    (fp_line (start -1 0.6) (end 1 0.6) (layer B.Fab) (width 0.1))
    (fp_line (start 1 0.6) (end 1 -0.6) (layer B.Fab) (width 0.1))
    (fp_line (start 1 -0.6) (end -1 -0.6) (layer B.Fab) (width 0.1))
    (fp_line (start -0.261252 0.71) (end 0.261252 0.71) (layer B.SilkS) (width 0.12))
    (fp_line (start -0.261252 -0.71) (end 0.261252 -0.71) (layer B.SilkS) (width 0.12))
    (fp_line (start -1.85 -0.95) (end -1.85 0.95) (layer B.CrtYd) (width 0.05))
    (fp_line (start -1.85 0.95) (end 1.85 0.95) (layer B.CrtYd) (width 0.05))
    (fp_line (start 1.85 0.95) (end 1.85 -0.95) (layer B.CrtYd) (width 0.05))
    (fp_line (start 1.85 -0.95) (end -1.85 -0.95) (layer B.CrtYd) (width 0.05))
    (fp_text user %R (at 0 0 90) (layer B.Fab)
      (effects (font (size 0.5 0.5) (thickness 0.08)) (justify mirror))
    )
    (pad 1 smd roundrect (at -1.025 0 90) (size 1.15 1.4) (layers B.Cu B.Paste B.Mask) (roundrect_rratio 0.217391)
      (net 4 VCC))
    (pad 2 smd roundrect (at 1.025 0 90) (size 1.15 1.4) (layers B.Cu B.Paste B.Mask) (roundrect_rratio 0.217391)
      (net 1 GND))
    (model ${KISYS3DMOD}/Capacitor_SMD.3dshapes/C_0805_2012Metric.wrl
      (at (xyz 0 0 0))
      (scale (xyz 1 1 1))
      (rotate (xyz 0 0 0))
    )
  )

  (module Capacitor_SMD:C_0805_2012Metric_Pad1.15x1.40mm_HandSolder (layer B.Cu) (tedit 5B36C52B) (tstamp 5EB77464)
    (at 90.047 78.78)
    (descr "Capacitor SMD 0805 (2012 Metric), square (rectangular) end terminal, IPC_7351 nominal with elongated pad for handsoldering. (Body size source: https://docs.google.com/spreadsheets/d/1BsfQQcO9C6DZCsRaXUlFlo91Tg2WpOkGARC1WS5S8t0/edit?usp=sharing), generated with kicad-footprint-generator")
    (tags "capacitor handsolder")
    (path /5EB38F24)
    (attr smd)
    (fp_text reference C3 (at 0 1.65) (layer B.SilkS)
      (effects (font (size 1 1) (thickness 0.15)) (justify mirror))
    )
    (fp_text value 0.1u (at 0 -1.65) (layer B.Fab)
      (effects (font (size 1 1) (thickness 0.15)) (justify mirror))
    )
    (fp_text user %R (at 0 0) (layer B.Fab)
      (effects (font (size 0.5 0.5) (thickness 0.08)) (justify mirror))
    )
    (fp_line (start 1.85 -0.95) (end -1.85 -0.95) (layer B.CrtYd) (width 0.05))
    (fp_line (start 1.85 0.95) (end 1.85 -0.95) (layer B.CrtYd) (width 0.05))
    (fp_line (start -1.85 0.95) (end 1.85 0.95) (layer B.CrtYd) (width 0.05))
    (fp_line (start -1.85 -0.95) (end -1.85 0.95) (layer B.CrtYd) (width 0.05))
    (fp_line (start -0.261252 -0.71) (end 0.261252 -0.71) (layer B.SilkS) (width 0.12))
    (fp_line (start -0.261252 0.71) (end 0.261252 0.71) (layer B.SilkS) (width 0.12))
    (fp_line (start 1 -0.6) (end -1 -0.6) (layer B.Fab) (width 0.1))
    (fp_line (start 1 0.6) (end 1 -0.6) (layer B.Fab) (width 0.1))
    (fp_line (start -1 0.6) (end 1 0.6) (layer B.Fab) (width 0.1))
    (fp_line (start -1 -0.6) (end -1 0.6) (layer B.Fab) (width 0.1))
    (pad 2 smd roundrect (at 1.025 0) (size 1.15 1.4) (layers B.Cu B.Paste B.Mask) (roundrect_rratio 0.217391)
      (net 1 GND))
    (pad 1 smd roundrect (at -1.025 0) (size 1.15 1.4) (layers B.Cu B.Paste B.Mask) (roundrect_rratio 0.217391)
      (net 4 VCC))
    (model ${KISYS3DMOD}/Capacitor_SMD.3dshapes/C_0805_2012Metric.wrl
      (at (xyz 0 0 0))
      (scale (xyz 1 1 1))
      (rotate (xyz 0 0 0))
    )
  )

  (module Capacitor_SMD:C_0805_2012Metric_Pad1.15x1.40mm_HandSolder (layer B.Cu) (tedit 5B36C52B) (tstamp 5EB77475)
    (at 67.949 90.464 180)
    (descr "Capacitor SMD 0805 (2012 Metric), square (rectangular) end terminal, IPC_7351 nominal with elongated pad for handsoldering. (Body size source: https://docs.google.com/spreadsheets/d/1BsfQQcO9C6DZCsRaXUlFlo91Tg2WpOkGARC1WS5S8t0/edit?usp=sharing), generated with kicad-footprint-generator")
    (tags "capacitor handsolder")
    (path /5EB3C3CA)
    (attr smd)
    (fp_text reference C6 (at 0 1.65) (layer B.SilkS)
      (effects (font (size 1 1) (thickness 0.15)) (justify mirror))
    )
    (fp_text value 4.7u (at 0 -1.65) (layer B.Fab)
      (effects (font (size 1 1) (thickness 0.15)) (justify mirror))
    )
    (fp_line (start -1 -0.6) (end -1 0.6) (layer B.Fab) (width 0.1))
    (fp_line (start -1 0.6) (end 1 0.6) (layer B.Fab) (width 0.1))
    (fp_line (start 1 0.6) (end 1 -0.6) (layer B.Fab) (width 0.1))
    (fp_line (start 1 -0.6) (end -1 -0.6) (layer B.Fab) (width 0.1))
    (fp_line (start -0.261252 0.71) (end 0.261252 0.71) (layer B.SilkS) (width 0.12))
    (fp_line (start -0.261252 -0.71) (end 0.261252 -0.71) (layer B.SilkS) (width 0.12))
    (fp_line (start -1.85 -0.95) (end -1.85 0.95) (layer B.CrtYd) (width 0.05))
    (fp_line (start -1.85 0.95) (end 1.85 0.95) (layer B.CrtYd) (width 0.05))
    (fp_line (start 1.85 0.95) (end 1.85 -0.95) (layer B.CrtYd) (width 0.05))
    (fp_line (start 1.85 -0.95) (end -1.85 -0.95) (layer B.CrtYd) (width 0.05))
    (fp_text user %R (at 0 0) (layer B.Fab)
      (effects (font (size 0.5 0.5) (thickness 0.08)) (justify mirror))
    )
    (pad 1 smd roundrect (at -1.025 0 180) (size 1.15 1.4) (layers B.Cu B.Paste B.Mask) (roundrect_rratio 0.217391)
      (net 4 VCC))
    (pad 2 smd roundrect (at 1.025 0 180) (size 1.15 1.4) (layers B.Cu B.Paste B.Mask) (roundrect_rratio 0.217391)
      (net 1 GND))
    (model ${KISYS3DMOD}/Capacitor_SMD.3dshapes/C_0805_2012Metric.wrl
      (at (xyz 0 0 0))
      (scale (xyz 1 1 1))
      (rotate (xyz 0 0 0))
    )
  )

  (module Capacitor_SMD:C_0805_2012Metric_Pad1.15x1.40mm_HandSolder (layer B.Cu) (tedit 5B36C52B) (tstamp 5EB77486)
    (at 83.18 93.503 270)
    (descr "Capacitor SMD 0805 (2012 Metric), square (rectangular) end terminal, IPC_7351 nominal with elongated pad for handsoldering. (Body size source: https://docs.google.com/spreadsheets/d/1BsfQQcO9C6DZCsRaXUlFlo91Tg2WpOkGARC1WS5S8t0/edit?usp=sharing), generated with kicad-footprint-generator")
    (tags "capacitor handsolder")
    (path /5EB39D7D)
    (attr smd)
    (fp_text reference C4 (at 0 1.65 90) (layer B.SilkS)
      (effects (font (size 1 1) (thickness 0.15)) (justify mirror))
    )
    (fp_text value 0.1u (at 0 -1.65 90) (layer B.Fab)
      (effects (font (size 1 1) (thickness 0.15)) (justify mirror))
    )
    (fp_text user %R (at 0 0 90) (layer B.Fab)
      (effects (font (size 0.5 0.5) (thickness 0.08)) (justify mirror))
    )
    (fp_line (start 1.85 -0.95) (end -1.85 -0.95) (layer B.CrtYd) (width 0.05))
    (fp_line (start 1.85 0.95) (end 1.85 -0.95) (layer B.CrtYd) (width 0.05))
    (fp_line (start -1.85 0.95) (end 1.85 0.95) (layer B.CrtYd) (width 0.05))
    (fp_line (start -1.85 -0.95) (end -1.85 0.95) (layer B.CrtYd) (width 0.05))
    (fp_line (start -0.261252 -0.71) (end 0.261252 -0.71) (layer B.SilkS) (width 0.12))
    (fp_line (start -0.261252 0.71) (end 0.261252 0.71) (layer B.SilkS) (width 0.12))
    (fp_line (start 1 -0.6) (end -1 -0.6) (layer B.Fab) (width 0.1))
    (fp_line (start 1 0.6) (end 1 -0.6) (layer B.Fab) (width 0.1))
    (fp_line (start -1 0.6) (end 1 0.6) (layer B.Fab) (width 0.1))
    (fp_line (start -1 -0.6) (end -1 0.6) (layer B.Fab) (width 0.1))
    (pad 2 smd roundrect (at 1.025 0 270) (size 1.15 1.4) (layers B.Cu B.Paste B.Mask) (roundrect_rratio 0.217391)
      (net 1 GND))
    (pad 1 smd roundrect (at -1.025 0 270) (size 1.15 1.4) (layers B.Cu B.Paste B.Mask) (roundrect_rratio 0.217391)
      (net 4 VCC))
    (model ${KISYS3DMOD}/Capacitor_SMD.3dshapes/C_0805_2012Metric.wrl
      (at (xyz 0 0 0))
      (scale (xyz 1 1 1))
      (rotate (xyz 0 0 0))
    )
  )

  (module Capacitor_SMD:C_0805_2012Metric_Pad1.15x1.40mm_HandSolder (layer B.Cu) (tedit 5B36C52B) (tstamp 5EB77497)
    (at 74.798 93.503 270)
    (descr "Capacitor SMD 0805 (2012 Metric), square (rectangular) end terminal, IPC_7351 nominal with elongated pad for handsoldering. (Body size source: https://docs.google.com/spreadsheets/d/1BsfQQcO9C6DZCsRaXUlFlo91Tg2WpOkGARC1WS5S8t0/edit?usp=sharing), generated with kicad-footprint-generator")
    (tags "capacitor handsolder")
    (path /5EB399EE)
    (attr smd)
    (fp_text reference C5 (at 0 1.65 90) (layer B.SilkS)
      (effects (font (size 1 1) (thickness 0.15)) (justify mirror))
    )
    (fp_text value 0.1u (at 0 -1.65 90) (layer B.Fab)
      (effects (font (size 1 1) (thickness 0.15)) (justify mirror))
    )
    (fp_line (start -1 -0.6) (end -1 0.6) (layer B.Fab) (width 0.1))
    (fp_line (start -1 0.6) (end 1 0.6) (layer B.Fab) (width 0.1))
    (fp_line (start 1 0.6) (end 1 -0.6) (layer B.Fab) (width 0.1))
    (fp_line (start 1 -0.6) (end -1 -0.6) (layer B.Fab) (width 0.1))
    (fp_line (start -0.261252 0.71) (end 0.261252 0.71) (layer B.SilkS) (width 0.12))
    (fp_line (start -0.261252 -0.71) (end 0.261252 -0.71) (layer B.SilkS) (width 0.12))
    (fp_line (start -1.85 -0.95) (end -1.85 0.95) (layer B.CrtYd) (width 0.05))
    (fp_line (start -1.85 0.95) (end 1.85 0.95) (layer B.CrtYd) (width 0.05))
    (fp_line (start 1.85 0.95) (end 1.85 -0.95) (layer B.CrtYd) (width 0.05))
    (fp_line (start 1.85 -0.95) (end -1.85 -0.95) (layer B.CrtYd) (width 0.05))
    (fp_text user %R (at 0 0 90) (layer B.Fab)
      (effects (font (size 0.5 0.5) (thickness 0.08)) (justify mirror))
    )
    (pad 1 smd roundrect (at -1.025 0 270) (size 1.15 1.4) (layers B.Cu B.Paste B.Mask) (roundrect_rratio 0.217391)
      (net 4 VCC))
    (pad 2 smd roundrect (at 1.025 0 270) (size 1.15 1.4) (layers B.Cu B.Paste B.Mask) (roundrect_rratio 0.217391)
      (net 1 GND))
    (model ${KISYS3DMOD}/Capacitor_SMD.3dshapes/C_0805_2012Metric.wrl
      (at (xyz 0 0 0))
      (scale (xyz 1 1 1))
      (rotate (xyz 0 0 0))
    )
  )

  (module Capacitor_SMD:C_0805_2012Metric_Pad1.15x1.40mm_HandSolder (layer B.Cu) (tedit 5B36C52B) (tstamp 5EB774A8)
    (at 67.949 79.288 180)
    (descr "Capacitor SMD 0805 (2012 Metric), square (rectangular) end terminal, IPC_7351 nominal with elongated pad for handsoldering. (Body size source: https://docs.google.com/spreadsheets/d/1BsfQQcO9C6DZCsRaXUlFlo91Tg2WpOkGARC1WS5S8t0/edit?usp=sharing), generated with kicad-footprint-generator")
    (tags "capacitor handsolder")
    (path /5EB5410F)
    (attr smd)
    (fp_text reference C7 (at 0 1.65) (layer B.SilkS)
      (effects (font (size 1 1) (thickness 0.15)) (justify mirror))
    )
    (fp_text value 1.0u (at 0 -1.65) (layer B.Fab)
      (effects (font (size 1 1) (thickness 0.15)) (justify mirror))
    )
    (fp_text user %R (at 0 0) (layer B.Fab)
      (effects (font (size 0.5 0.5) (thickness 0.08)) (justify mirror))
    )
    (fp_line (start 1.85 -0.95) (end -1.85 -0.95) (layer B.CrtYd) (width 0.05))
    (fp_line (start 1.85 0.95) (end 1.85 -0.95) (layer B.CrtYd) (width 0.05))
    (fp_line (start -1.85 0.95) (end 1.85 0.95) (layer B.CrtYd) (width 0.05))
    (fp_line (start -1.85 -0.95) (end -1.85 0.95) (layer B.CrtYd) (width 0.05))
    (fp_line (start -0.261252 -0.71) (end 0.261252 -0.71) (layer B.SilkS) (width 0.12))
    (fp_line (start -0.261252 0.71) (end 0.261252 0.71) (layer B.SilkS) (width 0.12))
    (fp_line (start 1 -0.6) (end -1 -0.6) (layer B.Fab) (width 0.1))
    (fp_line (start 1 0.6) (end 1 -0.6) (layer B.Fab) (width 0.1))
    (fp_line (start -1 0.6) (end 1 0.6) (layer B.Fab) (width 0.1))
    (fp_line (start -1 -0.6) (end -1 0.6) (layer B.Fab) (width 0.1))
    (pad 2 smd roundrect (at 1.025 0 180) (size 1.15 1.4) (layers B.Cu B.Paste B.Mask) (roundrect_rratio 0.217391)
      (net 1 GND))
    (pad 1 smd roundrect (at -1.025 0 180) (size 1.15 1.4) (layers B.Cu B.Paste B.Mask) (roundrect_rratio 0.217391)
      (net 102 "Net-(C7-Pad1)"))
    (model ${KISYS3DMOD}/Capacitor_SMD.3dshapes/C_0805_2012Metric.wrl
      (at (xyz 0 0 0))
      (scale (xyz 1 1 1))
      (rotate (xyz 0 0 0))
    )
  )

  (module Capacitor_SMD:C_0805_2012Metric_Pad1.15x1.40mm_HandSolder (layer B.Cu) (tedit 5B36C52B) (tstamp 5EB862ED)
    (at 65.146 72.185 90)
    (descr "Capacitor SMD 0805 (2012 Metric), square (rectangular) end terminal, IPC_7351 nominal with elongated pad for handsoldering. (Body size source: https://docs.google.com/spreadsheets/d/1BsfQQcO9C6DZCsRaXUlFlo91Tg2WpOkGARC1WS5S8t0/edit?usp=sharing), generated with kicad-footprint-generator")
    (tags "capacitor handsolder")
    (path /5EB4C793)
    (attr smd)
    (fp_text reference C9 (at 0 1.65 90) (layer B.SilkS)
      (effects (font (size 1 1) (thickness 0.15)) (justify mirror))
    )
    (fp_text value .1u (at 0 -1.65 90) (layer B.Fab)
      (effects (font (size 1 1) (thickness 0.15)) (justify mirror))
    )
    (fp_line (start -1 -0.6) (end -1 0.6) (layer B.Fab) (width 0.1))
    (fp_line (start -1 0.6) (end 1 0.6) (layer B.Fab) (width 0.1))
    (fp_line (start 1 0.6) (end 1 -0.6) (layer B.Fab) (width 0.1))
    (fp_line (start 1 -0.6) (end -1 -0.6) (layer B.Fab) (width 0.1))
    (fp_line (start -0.261252 0.71) (end 0.261252 0.71) (layer B.SilkS) (width 0.12))
    (fp_line (start -0.261252 -0.71) (end 0.261252 -0.71) (layer B.SilkS) (width 0.12))
    (fp_line (start -1.85 -0.95) (end -1.85 0.95) (layer B.CrtYd) (width 0.05))
    (fp_line (start -1.85 0.95) (end 1.85 0.95) (layer B.CrtYd) (width 0.05))
    (fp_line (start 1.85 0.95) (end 1.85 -0.95) (layer B.CrtYd) (width 0.05))
    (fp_line (start 1.85 -0.95) (end -1.85 -0.95) (layer B.CrtYd) (width 0.05))
    (fp_text user %R (at 0 0 90) (layer B.Fab)
      (effects (font (size 0.5 0.5) (thickness 0.08)) (justify mirror))
    )
    (pad 1 smd roundrect (at -1.025 0 90) (size 1.15 1.4) (layers B.Cu B.Paste B.Mask) (roundrect_rratio 0.217391)
      (net 5 "Net-(C9-Pad1)"))
    (pad 2 smd roundrect (at 1.025 0 90) (size 1.15 1.4) (layers B.Cu B.Paste B.Mask) (roundrect_rratio 0.217391)
      (net 1 GND))
    (model ${KISYS3DMOD}/Capacitor_SMD.3dshapes/C_0805_2012Metric.wrl
      (at (xyz 0 0 0))
      (scale (xyz 1 1 1))
      (rotate (xyz 0 0 0))
    )
  )

  (module KeyboardPartsPretty:D_SOD123_axial (layer B.Cu) (tedit 561B6A12) (tstamp 5EB774CC)
    (at 55.58 104.805 90)
    (path /5EACBA03)
    (attr smd)
    (fp_text reference D1 (at 0 -1.925 90) (layer B.SilkS)
      (effects (font (size 0.8 0.8) (thickness 0.15)) (justify mirror))
    )
    (fp_text value D (at 0 1.925 90) (layer B.SilkS) hide
      (effects (font (size 0.8 0.8) (thickness 0.15)) (justify mirror))
    )
    (fp_line (start 2.8 -1.2) (end -3 -1.2) (layer B.SilkS) (width 0.2))
    (fp_line (start 2.8 1.2) (end 2.8 -1.2) (layer B.SilkS) (width 0.2))
    (fp_line (start -3 1.2) (end 2.8 1.2) (layer B.SilkS) (width 0.2))
    (fp_line (start -2.925 1.2) (end -2.925 -1.2) (layer B.SilkS) (width 0.2))
    (fp_line (start -2.8 1.2) (end -2.8 -1.2) (layer B.SilkS) (width 0.2))
    (fp_line (start -3.025 -1.2) (end -3.025 1.2) (layer B.SilkS) (width 0.2))
    (fp_line (start -2.625 1.2) (end -2.625 -1.2) (layer B.SilkS) (width 0.2))
    (fp_line (start -2.45 1.2) (end -2.45 -1.2) (layer B.SilkS) (width 0.2))
    (fp_line (start -2.275 1.2) (end -2.275 -1.2) (layer B.SilkS) (width 0.2))
    (pad 2 smd rect (at 2.7 0 90) (size 2.5 0.5) (layers B.Cu)
      (net 6 "Net-(D1-Pad2)") (solder_mask_margin -999))
    (pad 1 smd rect (at -2.7 0 90) (size 2.5 0.5) (layers B.Cu)
      (net 7 row0) (solder_mask_margin -999))
    (pad 2 thru_hole circle (at 3.9 0 90) (size 1.6 1.6) (drill 0.7) (layers *.Cu *.Mask B.SilkS)
      (net 6 "Net-(D1-Pad2)"))
    (pad 1 thru_hole rect (at -3.9 0 90) (size 1.6 1.6) (drill 0.7) (layers *.Cu *.Mask B.SilkS)
      (net 7 row0))
    (pad 1 smd rect (at -1.575 0 90) (size 1.2 1.2) (layers B.Cu B.Paste B.Mask)
      (net 7 row0))
    (pad 2 smd rect (at 1.575 0 90) (size 1.2 1.2) (layers B.Cu B.Paste B.Mask)
      (net 6 "Net-(D1-Pad2)"))
  )

  (module KeyboardPartsPretty:D_SOD123_axial (layer B.Cu) (tedit 561B6A12) (tstamp 5EB774DF)
    (at 74.63 104.805 90)
    (path /5EAE0DAD)
    (attr smd)
    (fp_text reference D2 (at 0 -1.925 90) (layer B.SilkS)
      (effects (font (size 0.8 0.8) (thickness 0.15)) (justify mirror))
    )
    (fp_text value D (at 0 1.925 90) (layer B.SilkS) hide
      (effects (font (size 0.8 0.8) (thickness 0.15)) (justify mirror))
    )
    (fp_line (start -2.275 1.2) (end -2.275 -1.2) (layer B.SilkS) (width 0.2))
    (fp_line (start -2.45 1.2) (end -2.45 -1.2) (layer B.SilkS) (width 0.2))
    (fp_line (start -2.625 1.2) (end -2.625 -1.2) (layer B.SilkS) (width 0.2))
    (fp_line (start -3.025 -1.2) (end -3.025 1.2) (layer B.SilkS) (width 0.2))
    (fp_line (start -2.8 1.2) (end -2.8 -1.2) (layer B.SilkS) (width 0.2))
    (fp_line (start -2.925 1.2) (end -2.925 -1.2) (layer B.SilkS) (width 0.2))
    (fp_line (start -3 1.2) (end 2.8 1.2) (layer B.SilkS) (width 0.2))
    (fp_line (start 2.8 1.2) (end 2.8 -1.2) (layer B.SilkS) (width 0.2))
    (fp_line (start 2.8 -1.2) (end -3 -1.2) (layer B.SilkS) (width 0.2))
    (pad 2 smd rect (at 1.575 0 90) (size 1.2 1.2) (layers B.Cu B.Paste B.Mask)
      (net 8 "Net-(D2-Pad2)"))
    (pad 1 smd rect (at -1.575 0 90) (size 1.2 1.2) (layers B.Cu B.Paste B.Mask)
      (net 7 row0))
    (pad 1 thru_hole rect (at -3.9 0 90) (size 1.6 1.6) (drill 0.7) (layers *.Cu *.Mask B.SilkS)
      (net 7 row0))
    (pad 2 thru_hole circle (at 3.9 0 90) (size 1.6 1.6) (drill 0.7) (layers *.Cu *.Mask B.SilkS)
      (net 8 "Net-(D2-Pad2)"))
    (pad 1 smd rect (at -2.7 0 90) (size 2.5 0.5) (layers B.Cu)
      (net 7 row0) (solder_mask_margin -999))
    (pad 2 smd rect (at 2.7 0 90) (size 2.5 0.5) (layers B.Cu)
      (net 8 "Net-(D2-Pad2)") (solder_mask_margin -999))
  )

  (module KeyboardPartsPretty:D_SOD123_axial (layer B.Cu) (tedit 561B6A12) (tstamp 5EB774F2)
    (at 93.68 104.805 90)
    (path /5EAEE9B0)
    (attr smd)
    (fp_text reference D3 (at 0 -1.925 90) (layer B.SilkS)
      (effects (font (size 0.8 0.8) (thickness 0.15)) (justify mirror))
    )
    (fp_text value D (at 0 1.925 90) (layer B.SilkS) hide
      (effects (font (size 0.8 0.8) (thickness 0.15)) (justify mirror))
    )
    (fp_line (start 2.8 -1.2) (end -3 -1.2) (layer B.SilkS) (width 0.2))
    (fp_line (start 2.8 1.2) (end 2.8 -1.2) (layer B.SilkS) (width 0.2))
    (fp_line (start -3 1.2) (end 2.8 1.2) (layer B.SilkS) (width 0.2))
    (fp_line (start -2.925 1.2) (end -2.925 -1.2) (layer B.SilkS) (width 0.2))
    (fp_line (start -2.8 1.2) (end -2.8 -1.2) (layer B.SilkS) (width 0.2))
    (fp_line (start -3.025 -1.2) (end -3.025 1.2) (layer B.SilkS) (width 0.2))
    (fp_line (start -2.625 1.2) (end -2.625 -1.2) (layer B.SilkS) (width 0.2))
    (fp_line (start -2.45 1.2) (end -2.45 -1.2) (layer B.SilkS) (width 0.2))
    (fp_line (start -2.275 1.2) (end -2.275 -1.2) (layer B.SilkS) (width 0.2))
    (pad 2 smd rect (at 2.7 0 90) (size 2.5 0.5) (layers B.Cu)
      (net 9 "Net-(D3-Pad2)") (solder_mask_margin -999))
    (pad 1 smd rect (at -2.7 0 90) (size 2.5 0.5) (layers B.Cu)
      (net 7 row0) (solder_mask_margin -999))
    (pad 2 thru_hole circle (at 3.9 0 90) (size 1.6 1.6) (drill 0.7) (layers *.Cu *.Mask B.SilkS)
      (net 9 "Net-(D3-Pad2)"))
    (pad 1 thru_hole rect (at -3.9 0 90) (size 1.6 1.6) (drill 0.7) (layers *.Cu *.Mask B.SilkS)
      (net 7 row0))
    (pad 1 smd rect (at -1.575 0 90) (size 1.2 1.2) (layers B.Cu B.Paste B.Mask)
      (net 7 row0))
